
{"title":"Radial_Engine_assm_LW", "psId":16, "units":5, "bboxMin":[-0.195006,-0.159171,-0.195006], "bboxMax":[0.195006,0.0954087,0.195006], "hasPMI":true, "children": [
	{"title":"Crank Case", "fileRef":"0.bod", "psId":47, "units":5, "bboxMin":[-0.0707407,-0.035,-0.071832], "bboxMax":[0.0707407,0.045,0.0675]},
	{"title":"Crank Shaft", "fileRef":"1.bod", "psId":128, "units":5, "bboxMin":[-0.0284588,-0.1,-0.0499072], "bboxMax":[0.0278221,0.0525,0.0148473], "xform":[-0.99945,7.9092e-016,0.0331745,8.10088e-016,1,5.64362e-016,-0.0331745,5.90926e-016,-0.99945,-0.000580553,-8.04595e-016,-0.0174904]},
	{"title":"Master Rod", "fileRef":"2.bod", "psId":211, "units":5, "bboxMin":[-0.0349984,-0.01,-0.035], "bboxMax":[0.0349984,0.01,0.1125], "xform":[0.999985,-6.66771e-016,-0.00552908,6.71828e-016,1,9.12713e-016,0.00552908,-9.16414e-016,0.999985,-0.000580553,-8.98143e-016,-0.0174904]},
	{"title":"Connecting Rod", "fileRef":"3.bod", "psId":297, "units":5, "bboxMin":[-0.00749994,-0.005,-0.061473], "bboxMax":[0.00749994,0.005,0.0335], "xform":[0.382055,5.11926e-016,-0.924139,6.97754e-016,1,8.42413e-016,0.924139,-9.66671e-016,0.382055,0.0739668,-9.51103e-016,0.00734563]},
	{"title":"Connecting Rod", "psId":385, "instanceId":297, "matIdx":3, "bboxMin":[-0.00749994,-0.005,-0.061473], "bboxMax":[0.00749994,0.005,0.0335], "xform":[-0.321821,9.65537e-016,-0.946801,5.56096e-016,1,8.3077e-016,0.946801,-2.59152e-016,-0.321821,0.0721279,-9.28678e-016,-0.0474882]},
	{"title":"Connecting Rod", "psId":404, "instanceId":297, "matIdx":3, "bboxMin":[-0.00749994,-0.005,-0.061473], "bboxMax":[0.00749994,0.005,0.0335], "xform":[0.850815,-1.09457e-015,0.525465,6.79858e-016,1,9.82249e-016,-0.525465,-4.78471e-016,0.850815,-0.0449192,-9.05474e-016,0.0476933]},
	{"title":"Connecting Rod", "psId":423, "instanceId":297, "matIdx":3, "bboxMin":[-0.00749994,-0.005,-0.061473], "bboxMax":[0.00749994,0.005,0.0335], "xform":[0.846723,-1.28589e-016,-0.532034,6.08707e-016,1,7.27053e-016,0.532034,-9.39465e-016,0.846723,0.0443246,1.23159e-017,0.0472946]},
	{"title":"Wrist Pin 3", "fileRef":"4.bod", "psId":442, "units":5, "bboxMin":[-0.005,-0.014457,-0.005], "bboxMax":[0.005,0.014457,0.005], "xform":[0.958124,-5.27782e-016,-0.286353,4.20446e-016,1,-4.36325e-016,0.286353,2.97657e-016,0.958124,-0.0977586,0.000332384,-0.056441]},
	{"title":"Cam Roller", "fileRef":"5.bod", "psId":530, "units":5, "bboxMin":[-0.00374725,-0.0025,-0.003739], "bboxMax":[0.00375,0.0025,0.00375], "xform":[-0.976421,-5.23956e-016,0.215877,-6.794e-016,1,-6.45849e-016,-0.215877,-7.77287e-016,-0.976421,-0.0116784,0.0475053,-0.0468394]},
	{"title":"Cam Roller", "psId":618, "instanceId":530, "matIdx":3, "bboxMin":[-0.00374725,-0.0025,-0.003739], "bboxMax":[0.00375,0.0025,0.00375], "xform":[0.701572,2.92893e-016,0.712598,-1.23402e-016,1,-2.89529e-016,-0.712598,1.15189e-016,0.701572,-0.0332695,0.0475053,0.032128]},
	{"title":"Planetary Gears V2", "fileRef":"6.bod", "psId":637, "units":5, "bboxMin":[-0.0174511,-0.0075,-0.0175], "bboxMax":[0.0175,0.0075,0.0175], "xform":[-0.00100709,-1.26657e-015,-0.999999,2.26212e-016,1,-1.2668e-015,0.999999,-2.27487e-016,-0.00100709,0.0194856,0.0425,-0.01125]},
	{"title":"Connecting Rod", "psId":722, "instanceId":297, "matIdx":3, "bboxMin":[-0.00749994,-0.005,-0.061473], "bboxMax":[0.00749994,0.005,0.0335], "xform":[0.332131,1.5849e-016,-0.943233,-6.69658e-016,-1,-4.03828e-016,-0.943233,7.65768e-016,-0.332131,-0.0732346,-8.66414e-016,-0.0478056]},
	{"title":"Connecting Rod", "psId":741, "instanceId":297, "matIdx":3, "bboxMin":[-0.00749994,-0.005,-0.061473], "bboxMax":[0.00749994,0.005,0.0335], "xform":[-0.38117,1.97204e-015,-0.924505,-1.83718e-015,-1,-1.37562e-015,-0.924505,1.17413e-015,0.38117,-0.0750996,-8.61762e-016,0.00757007]},
	{"title":"Cam V3", "fileRef":"7.bod", "psId":760, "units":5, "bboxMin":[-0.042488,-0.0075,-0.042488], "bboxMax":[0.042488,0.0075,0.042488], "xform":[-0.762419,1.53024e-015,0.647083,-1.20713e-015,-1,9.42545e-016,0.647083,-6.2496e-017,0.762419,5.14661e-017,0.0425,6.94475e-017]},
	{"title":"Cam Follower Body", "fileRef":"8.bod", "psId":843, "units":5, "bboxMin":[-0.0035,-0.00349972,-0.00244949], "bboxMax":[0.0035,0.00349972,0.02], "xform":[0.994522,1.1717e-015,0.104528,-1.13789e-015,1,-3.83131e-016,-0.104528,2.6209e-016,0.994522,-0.00483444,0.0475053,0.0459966]},
	{"title":"Connecting Rod", "psId":931, "instanceId":297, "matIdx":3, "bboxMin":[-0.00749994,-0.005,-0.061473], "bboxMax":[0.00749994,0.005,0.0335], "xform":[0.914978,-1.42438e-015,-0.403504,-1.68385e-015,-1,-2.88224e-016,-0.403504,9.43158e-016,-0.914978,-0.03105,-7.90375e-016,-0.0903439]},
	{"title":"Connecting Rod", "psId":950, "instanceId":297, "matIdx":3, "bboxMin":[-0.00749994,-0.005,-0.061473], "bboxMax":[0.00749994,0.005,0.0335], "xform":[0.907927,-1.15557e-015,0.419129,-6.62692e-016,-1,-1.32153e-015,0.419129,9.22096e-016,-0.907927,0.0304729,-8.17113e-016,-0.0900576]},
	{"title":"Wrist Pin 3", "psId":969, "instanceId":442, "matIdx":3, "bboxMin":[-0.005,-0.014457,-0.005], "bboxMax":[0.005,0.014457,0.005], "xform":[0.960722,1.30387e-016,-0.277512,2.29864e-016,1,1.26561e-015,0.277512,-1.27969e-015,0.960722,0.0967447,0.000150516,-0.0558556]},
	{"title":"Wrist Pin 3", "psId":988, "instanceId":442, "matIdx":3, "bboxMin":[-0.005,-0.014457,-0.005], "bboxMax":[0.005,0.014457,0.005], "xform":[0.960722,4.03803e-016,-0.277512,-1.81359e-016,1,8.27235e-016,0.277512,-7.44414e-016,0.960722,0.0979944,-0.00041068,0.0172791]},
	{"title":"Wrist Pin 3", "psId":1007, "instanceId":442, "matIdx":3, "bboxMin":[-0.005,-0.014457,-0.005], "bboxMax":[0.005,0.014457,0.005], "xform":[0.960722,-2.16613e-016,-0.277512,4.78441e-016,1,8.7577e-016,0.277512,-9.74145e-016,0.960722,-1.65568e-018,0.000271072,0.087508]},
	{"title":"Wrist Pin 3", "psId":1026, "instanceId":442, "matIdx":3, "bboxMin":[-0.005,-0.014457,-0.005], "bboxMax":[0.005,0.014457,0.005], "xform":[0.960722,3.35345e-016,-0.277512,-2.03946e-016,1,5.02356e-016,0.277512,-4.26027e-016,0.960722,0.0581575,0.000468611,0.0693094]},
	{"title":"Wrist Pin 1", "fileRef":"9.bod", "psId":1045, "units":5, "bboxMin":[-0.00499434,-0.01,-0.00497736], "bboxMax":[0.005,0.01,0.005], "xform":[-0.98897,9.35394e-016,0.148115,1.05562e-015,1,7.33104e-016,-0.148115,8.8137e-016,-0.98897,0.0210006,-9.22233e-016,-0.0301099]},
	{"title":"Wrist Pin 1", "psId":1133, "instanceId":1045, "matIdx":3, "bboxMin":[-0.00499434,-0.01,-0.00497736], "bboxMax":[0.005,0.01,0.005], "xform":[-0.98897,8.03331e-016,0.148115,9.37298e-016,1,8.34679e-016,-0.148115,9.643e-016,-0.98897,0.0155948,-9.42171e-016,0.0015716]},
	{"title":"Wrist Pin 1", "psId":1152, "instanceId":1045, "matIdx":3, "bboxMin":[-0.00499434,-0.01,-0.00497736], "bboxMax":[0.005,0.01,0.005], "xform":[-0.98897,9.35394e-016,0.148115,1.05562e-015,1,7.33104e-016,-0.148115,8.8137e-016,-0.98897,-0.0165441,-9.1731e-016,0.0017493]},
	{"title":"Wrist Pin 1", "psId":1171, "instanceId":1045, "matIdx":3, "bboxMin":[-0.00499434,-0.01,-0.00497736], "bboxMax":[0.005,0.01,0.005], "xform":[-0.98897,9.35394e-016,0.148115,1.05562e-015,1,7.33104e-016,-0.148115,8.8137e-016,-0.98897,0.00783993,-8.88289e-016,-0.0410296]},
	{"title":"Wrist Pin 1", "psId":1190, "instanceId":1045, "matIdx":3, "bboxMin":[-0.00499434,-0.01,-0.00497736], "bboxMax":[0.005,0.01,0.005], "xform":[-0.98897,9.35394e-016,0.148115,1.05562e-015,1,7.33104e-016,-0.148115,8.8137e-016,-0.98897,0.0240633,-9.3253e-016,-0.0132854]},
	{"title":"Wrist Pin 1", "psId":1209, "instanceId":1045, "matIdx":3, "bboxMin":[-0.00499434,-0.01,-0.00497736], "bboxMax":[0.005,0.01,0.005], "xform":[-0.98897,9.35394e-016,0.148115,1.05562e-015,1,7.33104e-016,-0.148115,8.8137e-016,-0.98897,-0.0223,-8.87588e-016,-0.0298705]},
	{"title":"Wrist Pin 1", "psId":1228, "instanceId":1045, "matIdx":3, "bboxMin":[-0.00499434,-0.01,-0.00497736], "bboxMax":[0.005,0.01,0.005], "xform":[-0.98897,9.35394e-016,0.148115,1.05562e-015,1,7.33104e-016,-0.148115,8.8137e-016,-0.98897,-0.00926082,-8.88826e-016,-0.040935]},
	{"title":"Wrist Pin 1", "psId":1247, "instanceId":1045, "matIdx":3, "bboxMin":[-0.00499434,-0.01,-0.00497736], "bboxMax":[0.005,0.01,0.005], "xform":[-0.98897,9.35394e-016,0.148115,1.05562e-015,1,7.33104e-016,-0.148115,8.8137e-016,-0.98897,-0.0251764,-9.01321e-016,-0.0130131]},
	{"title":"Cam Cover", "fileRef":"A.bod", "psId":1266, "units":5, "bboxMin":[-0.0626268,-0.01,-0.0616112], "bboxMax":[0.062622,0.0143875,0.0625757], "xform":[-0.766044,-4.12718e-016,0.642788,4.22556e-016,-1,-1.38493e-016,0.642788,1.65522e-016,0.766044,-9.27357e-017,0.045,5.64597e-017]},
	{"title":"Cam Follower Body", "psId":1349, "instanceId":843, "matIdx":3, "bboxMin":[-0.0035,-0.00349972,-0.00244949], "bboxMax":[0.0035,0.00349972,0.02], "xform":[-0.970296,-1.0542e-015,0.241922,-1.02996e-015,1,2.2666e-016,-0.241922,-2.92438e-017,-0.970296,-0.0116784,0.0475053,-0.0468394]},
	{"title":"Piston", "fileRef":"B.bod", "psId":1368, "units":5, "bboxMin":[-0.015,-0.015,-0.015], "bboxMax":[0.015,0.015,0.018541], "xform":[1,-6.71828e-016,-1.90449e-016,6.71828e-016,1,6.25099e-016,1.90449e-016,-6.25099e-016,1,1.063e-018,-1.96414e-017,0.087508]},
	{"title":"Cam Follower Body", "psId":1476, "instanceId":843, "matIdx":3, "bboxMin":[-0.0035,-0.00349972,-0.00244949], "bboxMax":[0.0035,0.00349972,0.02], "xform":[0.994522,8.65768e-016,-0.104528,-8.36935e-016,1,3.19699e-016,0.104528,-2.30464e-016,0.994522,0.00483444,0.0375213,0.0459966]},
	{"title":"Cam Roller", "psId":1495, "instanceId":530, "matIdx":3, "bboxMin":[-0.00374725,-0.0025,-0.003739], "bboxMax":[0.00375,0.0025,0.00375], "xform":[0.993069,5.99906e-016,-0.117536,-5.88949e-016,1,1.27955e-016,0.117536,-5.78455e-017,0.993069,0.00483444,0.0375213,0.0459966]},
	{"title":"Cylinder", "fileRef":"C.bod", "psId":1514, "units":5, "bboxMin":[-0.0402116,-0.0403097,0], "bboxMax":[0.0403425,0.0403097,0.08], "xform":[0.866025,0.5,-1.16467e-016,-0.5,0.866025,1.31341e-016,1.66533e-016,-5.55112e-017,1,-2.3561e-018,-2.07122e-017,0.0625]},
	{"title":"Cam Roller", "psId":1599, "instanceId":530, "matIdx":3, "bboxMin":[-0.00374725,-0.0025,-0.003739], "bboxMax":[0.00375,0.0025,0.00375], "xform":[0.811545,-1.94e-018,-0.584289,-9.63782e-017,1,-1.37184e-016,0.584289,1.67644e-016,0.811545,0.0258627,0.0475053,0.038343]},
	{"title":"Cam Follower Body", "psId":1618, "instanceId":843, "matIdx":3, "bboxMin":[-0.0035,-0.00349972,-0.00244949], "bboxMax":[0.0035,0.00349972,0.02], "xform":[0.829038,-4.20159e-018,-0.559193,-1.01849e-015,1,-1.51749e-015,0.559193,1.82759e-015,0.829038,0.0258627,0.0475053,0.038343]},
	{"title":"Cam Roller", "psId":1637, "instanceId":530, "matIdx":3, "bboxMin":[-0.00374725,-0.0025,-0.003739], "bboxMax":[0.00375,0.0025,0.00375], "xform":[0.827858,-1.45725e-015,-0.560938,1.17112e-015,1,-8.69492e-016,0.560938,6.28922e-017,0.827858,0.0332695,0.0375213,0.032128]},
	{"title":"Cam Follower Body", "psId":1656, "instanceId":843, "matIdx":3, "bboxMin":[-0.0035,-0.00349972,-0.00244949], "bboxMax":[0.0035,0.00349972,0.02], "xform":[0.694658,7.78722e-016,-0.71934,-6.58725e-016,1,4.46428e-016,0.71934,1.63732e-016,0.694658,0.0332695,0.0375213,0.032128]},
	{"title":"Cam Follower Body", "psId":1675, "instanceId":843, "matIdx":3, "bboxMin":[-0.0035,-0.00349972,-0.00244949], "bboxMax":[0.0035,0.00349972,0.02], "xform":[-0.898794,-4.22035e-016,-0.438371,-3.993e-016,1,-1.44048e-016,0.438371,4.55718e-017,-0.898794,0.0202747,0.0475053,-0.0415692]},
	{"title":"Cam Roller", "psId":1694, "instanceId":530, "matIdx":3, "bboxMin":[-0.00374725,-0.0025,-0.003739], "bboxMax":[0.00375,0.0025,0.00375], "xform":[0.293928,-8.72306e-016,-0.955827,5.68292e-016,1,-7.37862e-016,0.955827,-3.26311e-016,0.293928,0.0444584,0.0475053,0.0127482]},
	{"title":"Cam Follower Body", "psId":1713, "instanceId":843, "matIdx":3, "bboxMin":[-0.0035,-0.00349972,-0.00244949], "bboxMax":[0.0035,0.00349972,0.02], "xform":[0.275637,-1.35177e-015,-0.961262,-1.53938e-015,1,-1.84766e-015,0.961262,1.98903e-015,0.275637,0.0444584,0.0475053,0.0127482]},
	{"title":"Cam Roller", "psId":1732, "instanceId":530, "matIdx":3, "bboxMin":[-0.00374725,-0.0025,-0.003739], "bboxMax":[0.00375,0.0025,0.00375], "xform":[-0.870025,-2.90488e-016,-0.493007,-3.08189e-016,1,-4.53451e-017,0.493007,1.12488e-016,-0.870025,0.0202747,0.0475053,-0.0415692]},
	{"title":"Piston", "psId":1751, "instanceId":1368, "matIdx":3, "bboxMin":[-0.015,-0.015,-0.015], "bboxMax":[0.015,0.015,0.018541], "xform":[0.766044,-1.2274e-015,0.642788,7.84859e-016,1,9.74132e-016,-0.642788,-2.41731e-016,0.766044,-0.0585813,-5.89075e-018,0.0698145]},
	{"title":"Cam Follower Body", "psId":1770, "instanceId":843, "matIdx":3, "bboxMin":[-0.0035,-0.00349972,-0.00244949], "bboxMax":[0.0035,0.00349972,0.02], "xform":[0.694658,2.68407e-015,0.71934,-9.94482e-016,1,-2.77093e-015,-0.71934,1.20948e-015,0.694658,-0.0332695,0.0475053,0.032128]},
	{"title":"Cylinder", "psId":1789, "instanceId":1514, "matIdx":9, "bboxMin":[-0.0402116,-0.0403097,0], "bboxMax":[0.0403425,0.0403097,0.08], "xform":[0.663414,-0.5,0.55667,0.383022,0.866025,0.321394,-0.642788,-5.1667e-009,0.766044,-0.0401742,-5.45719e-018,0.0478778]},
	{"title":"Cam Roller", "psId":1808, "instanceId":530, "matIdx":3, "bboxMin":[-0.00374725,-0.0025,-0.003739], "bboxMax":[0.00375,0.0025,0.00375], "xform":[0.409095,5.48566e-016,0.912492,4.53558e-016,-1,3.97831e-016,0.912492,2.51117e-016,-0.409095,0.0428547,0.0475053,-0.0190801]},
	{"title":"Cam Follower Body", "psId":1827, "instanceId":843, "matIdx":3, "bboxMin":[-0.0035,-0.00349972,-0.00244949], "bboxMax":[0.0035,0.00349972,0.02], "xform":[0.406737,3.82429e-016,0.913545,4.53558e-016,-1,2.16684e-016,0.913545,3.26213e-016,-0.406737,0.0428547,0.0475053,-0.0190801]},
	{"title":"Piston", "psId":1846, "instanceId":1368, "matIdx":3, "bboxMin":[-0.015,-0.015,-0.015], "bboxMax":[0.015,0.015,0.018541], "xform":[0.173648,-1.67631e-015,0.984808,7.12618e-016,1,1.57652e-015,-0.984808,4.28032e-016,0.173648,-0.0991368,1.20855e-017,0.0174805]},
	{"title":"Cam Roller", "psId":1865, "instanceId":530, "matIdx":3, "bboxMin":[-0.00374725,-0.0025,-0.003739], "bboxMax":[0.00375,0.0025,0.00375], "xform":[-0.592178,-5.1451e-017,-0.805807,6.09111e-016,1,-5.11478e-016,0.805807,-7.93712e-016,-0.592178,0.037417,0.0375213,-0.0271851]},
	{"title":"Cam Follower Body", "psId":1884, "instanceId":843, "matIdx":3, "bboxMin":[-0.0035,-0.00349972,-0.00244949], "bboxMax":[0.0035,0.00349972,0.02], "xform":[-0.587785,-2.14529e-015,-0.809017,8.76713e-016,1,-3.28869e-015,0.809017,-2.64232e-015,-0.587785,0.037417,0.0375213,-0.0271851]},
	{"title":"Cylinder", "psId":1903, "instanceId":1514, "matIdx":9, "bboxMin":[-0.0402116,-0.0403097,0], "bboxMax":[0.0403425,0.0403097,0.08], "xform":[-6.72205e-017,-1,-6.43964e-016,0.173648,-6.45854e-016,0.984808,-0.984808,-4.5624e-017,0.173648,-0.0615505,6.58658e-018,0.010853]},
	{"title":"Piston", "psId":1922, "instanceId":1368, "matIdx":3, "bboxMin":[-0.015,-0.015,-0.015], "bboxMax":[0.015,0.015,0.018541], "xform":[-0.5,8.36765e-016,0.866025,4.20446e-016,1,-7.23468e-016,-0.866025,2.3826e-018,-0.5,-0.0977586,-3.58214e-018,-0.056441]},
	{"title":"Cylinder", "psId":1941, "instanceId":1514, "matIdx":9, "bboxMin":[-0.0402116,-0.0403097,0], "bboxMax":[0.0403425,0.0403097,0.08], "xform":[-1.02414e-015,-1,1.99532e-015,-0.5,2.24007e-015,0.866025,-0.866025,-1.10732e-016,-0.5,-0.0541266,-7.91795e-020,-0.03125]},
	{"title":"Head Bolt Long", "fileRef":"D.bod", "psId":1960, "units":5, "bboxMin":[-0.0025,-0.0025,-0.0975], "bboxMax":[0.0025,0.0025,0.004], "xform":[-0.708688,0.37966,0.59466,-0.290837,-0.925126,0.244041,0.642788,2.48653e-009,0.766044,0.11911,0.0125,0.108267]},
	{"title":"Cam Roller", "psId":2048, "instanceId":530, "matIdx":3, "bboxMin":[-0.00374725,-0.0025,-0.003739], "bboxMax":[0.00375,0.0025,0.00375], "xform":[-0.973214,-3.90558e-016,-0.2299,-3.49093e-016,1,-2.21034e-016,0.2299,-1.34857e-016,-0.973214,0.0111889,0.0375213,-0.0448762]},
	{"title":"Cam Follower Body", "psId":2067, "instanceId":843, "matIdx":3, "bboxMin":[-0.0035,-0.00349972,-0.00244949], "bboxMax":[0.0035,0.00349972,0.02], "xform":[-0.970296,2.27662e-017,-0.241922,0,1,9.41057e-017,0.241922,9.13104e-017,-0.970296,0.0111889,0.0375213,-0.0448762]},
	{"title":"Head Bolt Long", "psId":2086, "instanceId":1960, "matIdx":3, "bboxMin":[-0.0025,-0.0025,-0.0975], "bboxMax":[0.0025,0.0025,0.004], "xform":[-0.708688,0.37966,0.59466,-0.290837,-0.925126,0.244041,0.642788,2.48653e-009,0.766044,0.102525,0.025,0.122184]},
	{"title":"Piston", "psId":2105, "instanceId":1368, "matIdx":3, "bboxMin":[-0.015,-0.015,-0.015], "bboxMax":[0.015,0.015,0.018541], "xform":[0.766044,2.96897e-016,-0.642788,-2.03946e-016,1,2.18836e-016,0.642788,-3.65442e-017,0.766044,0.0581575,-2.02591e-017,0.0693094]},
	{"title":"Cylinder", "psId":2124, "instanceId":1514, "matIdx":9, "bboxMin":[-0.0402116,-0.0403097,0], "bboxMax":[0.0403425,0.0403097,0.08], "xform":[0.663414,-0.5,-0.55667,0.383022,0.866025,-0.321394,0.642788,5.1667e-009,0.766044,0.0401742,-1.992e-017,0.0478778]},
	{"title":"Cam Roller", "psId":2143, "instanceId":530, "matIdx":3, "bboxMin":[-0.00374725,-0.0025,-0.003739], "bboxMax":[0.00375,0.0025,0.00375], "xform":[-0.892372,-7.13237e-016,0.451301,-6.83985e-016,1,2.27937e-016,-0.451301,-1.05279e-016,-0.892372,-0.0202747,0.0375213,-0.0415692]},
	{"title":"Cam Follower Body", "psId":2162, "instanceId":843, "matIdx":3, "bboxMin":[-0.0035,-0.00349972,-0.00244949], "bboxMax":[0.0035,0.00349972,0.02], "xform":[-0.898794,-3.5717e-016,0.438371,-3.58832e-016,1,7.90501e-017,-0.438371,-8.62519e-017,-0.898794,-0.0202747,0.0375213,-0.0415692]},
	{"title":"Piston", "psId":2181, "instanceId":1368, "matIdx":3, "bboxMin":[-0.015,-0.015,-0.015], "bboxMax":[0.015,0.015,0.018541], "xform":[0.173648,4.97146e-016,-0.984808,-1.05211e-016,1,4.86264e-016,0.984808,1.91735e-017,0.173648,0.0979944,-1.53705e-017,0.0172791]},
	{"title":"Cam Follower Body", "psId":2200, "instanceId":843, "matIdx":3, "bboxMin":[-0.0035,-0.00349972,-0.00244949], "bboxMax":[0.0035,0.00349972,0.02], "xform":[-0.406737,-2.658e-016,0.913545,-9.63785e-018,1,2.86664e-016,-0.913545,1.07792e-016,-0.406737,-0.0422515,0.0375213,-0.0188116]},
	{"title":"Cam Roller", "psId":2219, "instanceId":530, "matIdx":3, "bboxMin":[-0.00374725,-0.0025,-0.003739], "bboxMax":[0.00375,0.0025,0.00375], "xform":[-0.416871,1.62182e-015,0.908965,7.1864e-017,1,-1.75129e-015,-0.908965,-6.64739e-016,-0.416871,-0.0422515,0.0375213,-0.0188116]},
	{"title":"Cylinder", "psId":2238, "instanceId":1514, "matIdx":9, "bboxMin":[-0.0402116,-0.0403097,0], "bboxMax":[0.0403425,0.0403097,0.08], "xform":[-4.09828e-016,1,2.26427e-015,-0.173648,-2.30104e-015,0.984808,0.984808,1.04152e-017,0.173648,0.0615505,-1.05018e-017,0.010853]},
	{"title":"Cam Roller", "psId":2257, "instanceId":530, "matIdx":3, "bboxMin":[-0.00374725,-0.0025,-0.003739], "bboxMax":[0.00375,0.0025,0.00375], "xform":[-0.612317,-6.69147e-016,0.790613,-4.35561e-016,1,5.0903e-016,-0.790613,-3.26722e-017,-0.612317,-0.037417,0.0475053,-0.0271851]},
	{"title":"Cam Follower Body", "psId":2276, "instanceId":843, "matIdx":3, "bboxMin":[-0.0035,-0.00349972,-0.00244949], "bboxMax":[0.0035,0.00349972,0.02], "xform":[-0.587785,-7.60299e-017,0.809017,-2.98299e-016,1,-1.22749e-016,-0.809017,-3.13479e-016,-0.587785,-0.037417,0.0475053,-0.0271851]},
	{"title":"Piston", "psId":2295, "instanceId":1368, "matIdx":3, "bboxMin":[-0.015,-0.015,-0.015], "bboxMax":[0.015,0.015,0.018541], "xform":[-0.5,9.24294e-016,-0.866025,3.33575e-016,1,8.74693e-016,0.866025,1.48462e-016,-0.5,0.0967447,-1.57271e-017,-0.0558556]},
	{"title":"Cam Roller", "psId":2314, "instanceId":530, "matIdx":3, "bboxMin":[-0.00374725,-0.0025,-0.003739], "bboxMax":[0.00375,0.0025,0.00375], "xform":[0.995943,4.39075e-016,0.0899873,-1.63412e-016,1,-3.07072e-015,-0.0899873,3.04356e-015,0.995943,-0.00483444,0.0475053,0.0459966]},
	{"title":"Cylinder", "psId":2333, "instanceId":1514, "matIdx":9, "bboxMin":[-0.0402116,-0.0403097,0], "bboxMax":[0.0403425,0.0403097,0.08], "xform":[-0.433013,0.5,-0.75,0.25,0.866025,0.433013,0.866025,2.77556e-017,-0.5,0.0541266,-1.36697e-017,-0.03125]},
	{"title":"Cam Follower Body", "psId":2352, "instanceId":843, "matIdx":3, "bboxMin":[-0.0035,-0.00349972,-0.00244949], "bboxMax":[0.0035,0.00349972,0.02], "xform":[0.0697565,-8.85271e-016,0.997564,-5.04725e-016,1,9.22727e-016,-0.997564,-5.67862e-016,0.0697565,-0.0461373,0.0475053,0.00322624]},
	{"title":"Piston", "psId":2371, "instanceId":1368, "matIdx":3, "bboxMin":[-0.015,-0.015,-0.015], "bboxMax":[0.015,0.015,0.018541], "xform":[-0.939693,4.13286e-016,-0.34202,3.06629e-016,1,3.65913e-016,0.34202,2.38972e-016,-0.939693,0.0413702,1.07816e-017,-0.113664]},
	{"title":"Cylinder", "psId":2390, "instanceId":1514, "matIdx":9, "bboxMin":[-0.0402116,-0.0403097,0], "bboxMax":[0.0403425,0.0403097,0.08], "xform":[-4.65556e-016,1,-3.69289e-017,0.939693,4.5011e-016,0.34202,0.34202,1.24528e-016,-0.939693,0.0213763,1.38957e-018,-0.0587308]},
	{"title":"Head Bolt Long", "psId":2409, "instanceId":1960, "matIdx":3, "bboxMin":[-0.0025,-0.0025,-0.0975], "bboxMax":[0.0025,0.0025,0.004], "xform":[-0.708688,0.37966,0.59466,-0.290837,-0.925126,0.244041,0.642788,2.48653e-009,0.766044,0.0859393,0.0125,0.136101]},
	{"title":"Cam Roller", "psId":2428, "instanceId":530, "matIdx":3, "bboxMin":[-0.00374725,-0.0025,-0.003739], "bboxMax":[0.00375,0.0025,0.00375], "xform":[0.0575233,5.45816e-016,0.998344,-5.04595e-016,1,-5.17647e-016,-0.998344,-4.73983e-016,0.0575233,-0.0461373,0.0475053,0.00322624]},
	{"title":"Piston", "psId":2447, "instanceId":1368, "matIdx":3, "bboxMin":[-0.015,-0.015,-0.015], "bboxMax":[0.015,0.015,0.018541], "xform":[-0.939693,1.32405e-015,0.34202,1.18583e-015,1,-6.132e-016,-0.34202,-1.70641e-016,-0.939693,-0.0415411,2.03401e-017,-0.114133]},
	{"title":"Cylinder", "psId":2466, "instanceId":1514, "matIdx":9, "bboxMin":[-0.0402116,-0.0403097,0], "bboxMax":[0.0403425,0.0403097,0.08], "xform":[-0.813798,0.5,0.296198,0.469846,0.866025,-0.17101,-0.34202,3.30959e-009,-0.939693,-0.0213763,-1.55608e-017,-0.0587308]},
	{"title":"Wrist Pin 3", "psId":2485, "instanceId":442, "matIdx":3, "bboxMin":[-0.005,-0.014457,-0.005], "bboxMax":[0.005,0.014457,0.005], "xform":[0.958124,-1.37389e-015,-0.286353,1.18583e-015,1,-8.30152e-016,0.286353,4.55822e-016,0.958124,-0.0415411,-0.00050192,-0.114133]},
	{"title":"Wrist Pin 3", "psId":2504, "instanceId":442, "matIdx":3, "bboxMin":[-0.005,-0.014457,-0.005], "bboxMax":[0.005,0.014457,0.005], "xform":[0.958124,-1.34816e-016,-0.286353,7.12618e-016,1,1.91358e-015,0.286353,-2.03751e-015,0.958124,-0.0991368,-0.000570279,0.0174805]},
	{"title":"Wrist Pin 3", "psId":2523, "instanceId":442, "matIdx":3, "bboxMin":[-0.005,-0.014457,-0.005], "bboxMax":[0.005,0.014457,0.005], "xform":[0.958124,-5.30696e-016,-0.286353,7.96411e-016,1,8.11459e-016,0.286353,-1.00553e-015,0.958124,-0.0585813,-0.00061003,0.0698145]},
	{"title":"Planetary Gears V2", "psId":2542, "instanceId":637, "matIdx":4, "bboxMin":[-0.0174511,-0.0075,-0.0175], "bboxMax":[0.0175,0.0075,0.0175], "xform":[0.940028,1.1524e-015,0.341099,-7.43374e-016,1,-1.32984e-015,-0.341099,9.96518e-016,0.940028,-0.0194856,0.0425,-0.01125]},
	{"title":"Wrist Pin 3", "psId":2561, "instanceId":442, "matIdx":3, "bboxMin":[-0.005,-0.014457,-0.005], "bboxMax":[0.005,0.014457,0.005], "xform":[0.958124,-1.27369e-016,-0.286353,3.2732e-016,1,6.50402e-016,0.286353,-7.16895e-016,0.958124,0.0413702,0.000180088,-0.113664]},
	{"title":"Planetary Gears V2", "psId":2580, "instanceId":637, "matIdx":4, "bboxMin":[-0.0174511,-0.0075,-0.0175], "bboxMax":[0.0175,0.0075,0.0175], "xform":[0.984295,3.97536e-016,-0.176529,-2.66968e-016,1,7.63396e-016,0.176529,-7.04279e-016,0.984295,1.57209e-018,0.0425,0.0225]},
	{"title":"Cam Roller", "psId":2599, "instanceId":530, "matIdx":3, "bboxMin":[-0.00374725,-0.0025,-0.003739], "bboxMax":[0.00375,0.0025,0.00375], "xform":[0.829475,1.64043e-016,0.558543,-5.39565e-016,1,5.07595e-016,-0.558543,-7.22408e-016,0.829475,-0.0258627,0.0375213,0.038343]},
	{"title":"Cam Follower Body", "psId":2618, "instanceId":843, "matIdx":3, "bboxMin":[-0.0035,-0.00349972,-0.00244949], "bboxMax":[0.0035,0.00349972,0.02], "xform":[0.829038,2.1143e-016,0.559193,-2.07455e-016,1,-7.05338e-017,-0.559193,-5.75322e-017,0.829038,-0.0258627,0.0375213,0.038343]},
	{"title":"Head Bolt Long", "psId":2637, "instanceId":1960, "matIdx":3, "bboxMin":[-0.0025,-0.0025,-0.0975], "bboxMax":[0.0025,0.0025,0.004], "xform":[-0.148648,0.516922,0.843027,-0.0897626,-0.856032,0.509069,0.984808,-4.27264e-009,0.173648,0.153317,0.0125,0.0490186]},
	{"title":"Head Bolt Long", "psId":2656, "instanceId":1960, "matIdx":3, "bboxMin":[-0.0025,-0.0025,-0.0975], "bboxMax":[0.0025,0.0025,0.004], "xform":[-0.148648,0.516922,0.843027,-0.0897626,-0.856032,0.509069,0.984808,-4.27264e-009,0.173648,0.160836,0.0125,0.00637517]},
	{"title":"Head Bolt Long", "psId":2675, "instanceId":1960, "matIdx":3, "bboxMin":[-0.0025,-0.0025,-0.0975], "bboxMax":[0.0025,0.0025,0.004], "xform":[0.324939,0.760039,0.56281,0.380019,-0.649878,0.658213,0.866025,0,-0.5,0.148956,0.0125,-0.061]},
	{"title":"Head", "fileRef":"E.bod", "psId":2694, "units":5, "bboxMin":[-0.04,-0.035,-2.77556e-017], "bboxMax":[0.04,0.035,0.0411532], "xform":[-1.94289e-016,1,8.32667e-017,-1,-1.94289e-016,3.88578e-016,3.88578e-016,-8.32667e-017,1,5.55112e-017,-1.16281e-017,0.1425]},
	{"title":"Head", "psId":2779, "instanceId":2694, "matIdx":7, "bboxMin":[-0.04,-0.035,-2.77556e-017], "bboxMax":[0.04,0.035,0.0411532], "xform":[7.29018e-016,1,-2.13484e-016,-0.766044,6.95685e-016,0.642788,0.642788,-3.05065e-016,0.766044,0.0915972,-1.73472e-017,0.109161]},
	{"title":"Head", "psId":2798, "instanceId":2694, "matIdx":7, "bboxMin":[-0.04,-0.035,-2.77556e-017], "bboxMax":[0.04,0.035,0.0411532], "xform":[2.08926e-016,1,-3.90038e-017,-0.173648,7.46908e-017,0.984808,0.984808,-1.98979e-016,0.173648,0.140335,-2.81893e-017,0.0247449]},
	{"title":"Head", "psId":2817, "instanceId":2694, "matIdx":7, "bboxMin":[-0.04,-0.035,-2.77556e-017], "bboxMax":[0.04,0.035,0.0411532], "xform":[2.29536e-016,1,-3.79487e-016,0.5,2.13878e-016,0.866025,0.866025,-3.88528e-016,-0.5,0.123409,-2.94767e-017,-0.07125]},
	{"title":"Head Bolt Long", "psId":2836, "instanceId":1960, "matIdx":3, "bboxMin":[-0.0025,-0.0025,-0.0975], "bboxMax":[0.0025,0.0025,0.004], "xform":[-0.148648,0.516922,0.843027,-0.0897626,-0.856032,0.509069,0.984808,-4.27264e-009,0.173648,0.157077,0.025,0.0276969]},
	{"title":"Head Bolt Long", "psId":2855, "instanceId":1960, "matIdx":3, "bboxMin":[-0.0025,-0.0025,-0.0975], "bboxMax":[0.0025,0.0025,0.004], "xform":[0.324939,0.760039,0.56281,0.380019,-0.649878,0.658213,0.866025,0,-0.5,0.138131,0.025,-0.07975]},
	{"title":"Head", "psId":2874, "instanceId":2694, "matIdx":7, "bboxMin":[-0.04,-0.035,-2.77556e-017], "bboxMax":[0.04,0.035,0.0411532], "xform":[-1.79598e-016,1,4.43964e-016,0.939693,1.69222e-017,0.34202,0.34202,4.78616e-016,-0.939693,0.0487379,6.85216e-017,-0.133906]},
	{"title":"Head Bolt Long", "psId":2893, "instanceId":1960, "matIdx":3, "bboxMin":[-0.0025,-0.0025,-0.0975], "bboxMax":[0.0025,0.0025,0.004], "xform":[0.324939,0.760039,0.56281,0.380019,-0.649878,0.658213,0.866025,0,-0.5,0.127306,0.0125,-0.0985]},
	{"title":"Head Bolt Long", "psId":2912, "instanceId":1960, "matIdx":3, "bboxMin":[-0.0025,-0.0025,-0.0975], "bboxMax":[0.0025,0.0025,0.004], "xform":[0.819255,0.489803,0.298185,0.460264,-0.871833,0.167522,0.34202,2.55303e-009,-0.939693,0.0748972,0.0125,-0.142476]},
	{"title":"Head Bolt Long", "psId":2931, "instanceId":1960, "matIdx":3, "bboxMin":[-0.0025,-0.0025,-0.0975], "bboxMax":[0.0025,0.0025,0.004], "xform":[0.819255,0.489803,0.298185,0.460264,-0.871833,0.167522,0.34202,2.55303e-009,-0.939693,0.0545522,0.025,-0.149881]},
	{"title":"Head", "psId":2950, "instanceId":2694, "matIdx":7, "bboxMin":[-0.04,-0.035,-2.77556e-017], "bboxMax":[0.04,0.035,0.0411532], "xform":[2.99321e-016,1,2.22887e-016,0.939693,-2.05038e-016,-0.34202,-0.34202,3.11819e-016,-0.939693,-0.0487379,2.34188e-017,-0.133906]},
	{"title":"Head Bolt Long", "psId":2969, "instanceId":1960, "matIdx":3, "bboxMin":[-0.0025,-0.0025,-0.0975], "bboxMax":[0.0025,0.0025,0.004], "xform":[0.819255,0.489803,0.298185,0.460264,-0.871833,0.167522,0.34202,2.55303e-009,-0.939693,0.0342073,0.0125,-0.157286]},
	{"title":"Head Bolt Long", "psId":2988, "instanceId":1960, "matIdx":3, "bboxMin":[-0.0025,-0.0025,-0.0975], "bboxMax":[0.0025,0.0025,0.004], "xform":[0.735355,0.62259,-0.267647,0.585043,-0.782548,-0.212938,-0.34202,-1.40691e-008,-0.939693,-0.0342073,0.0125,-0.157286]},
	{"title":"Head", "psId":3007, "instanceId":2694, "matIdx":7, "bboxMin":[-0.04,-0.035,-2.77556e-017], "bboxMax":[0.04,0.035,0.0411532], "xform":[6.23958e-017,1,-1.59959e-016,0.5,-1.69727e-016,-0.866025,-0.866025,-2.59433e-017,-0.5,-0.123409,-1.21431e-017,-0.07125]},
	{"title":"Head Bolt Long", "psId":3026, "instanceId":1960, "matIdx":3, "bboxMin":[-0.0025,-0.0025,-0.0975], "bboxMax":[0.0025,0.0025,0.004], "xform":[0.735355,0.62259,-0.267647,0.585043,-0.782548,-0.212938,-0.34202,-1.40691e-008,-0.939693,-0.0545522,0.025,-0.149881]},
	{"title":"Head Bolt Long", "psId":3045, "instanceId":1960, "matIdx":3, "bboxMin":[-0.0025,-0.0025,-0.0975], "bboxMax":[0.0025,0.0025,0.004], "xform":[0.735355,0.62259,-0.267647,0.585043,-0.782548,-0.212938,-0.34202,-1.40691e-008,-0.939693,-0.0748972,0.0125,-0.142476]},
	{"title":"Head", "psId":3064, "instanceId":2694, "matIdx":7, "bboxMin":[-0.04,-0.035,-2.77556e-017], "bboxMax":[0.04,0.035,0.0411532], "xform":[-2.77122e-016,1,1.80359e-016,-0.766044,-9.63551e-017,-0.642788,-0.642788,-3.16294e-016,0.766044,-0.0915972,-3.46945e-018,0.109161]},
	{"title":"Head Bolt Long", "psId":3083, "instanceId":1960, "matIdx":3, "bboxMin":[-0.0025,-0.0025,-0.0975], "bboxMax":[0.0025,0.0025,0.004], "xform":[0.398889,0.602951,-0.690896,0.301476,-0.797778,-0.522171,-0.866025,-2.77556e-017,-0.5,-0.127306,0.0125,-0.0985]},
	{"title":"Head Bolt Long", "psId":3102, "instanceId":1960, "matIdx":3, "bboxMin":[-0.0025,-0.0025,-0.0975], "bboxMax":[0.0025,0.0025,0.004], "xform":[0.398889,0.602951,-0.690896,0.301476,-0.797778,-0.522171,-0.866025,-2.77556e-017,-0.5,-0.138131,0.025,-0.07975]},
	{"title":"Head Bolt Long", "psId":3121, "instanceId":1960, "matIdx":3, "bboxMin":[-0.0025,-0.0025,-0.0975], "bboxMax":[0.0025,0.0025,0.004], "xform":[-0.153374,0.468913,-0.869826,-0.0814259,-0.883244,-0.461789,-0.984808,-3.98622e-009,0.173648,-0.153317,0.0125,0.0490186]},
	{"title":"Head", "psId":3140, "instanceId":2694, "matIdx":7, "bboxMin":[-0.04,-0.035,-2.77556e-017], "bboxMax":[0.04,0.035,0.0411532], "xform":[3.27836e-017,1,-4.1793e-017,-0.173648,-3.54653e-017,-0.984808,-0.984808,3.95428e-017,0.173648,-0.140335,5.20417e-018,0.0247449]},
	{"title":"Head Bolt Long", "psId":3159, "instanceId":1960, "matIdx":3, "bboxMin":[-0.0025,-0.0025,-0.0975], "bboxMax":[0.0025,0.0025,0.004], "xform":[0.398889,0.602951,-0.690896,0.301476,-0.797778,-0.522171,-0.866025,-2.77556e-017,-0.5,-0.148956,0.0125,-0.061]},
	{"title":"Head Bolt Long", "psId":3178, "instanceId":1960, "matIdx":3, "bboxMin":[-0.0025,-0.0025,-0.0975], "bboxMax":[0.0025,0.0025,0.004], "xform":[-0.153374,0.468913,-0.869826,-0.0814259,-0.883244,-0.461789,-0.984808,-3.98622e-009,0.173648,-0.160836,0.0125,0.00637517]},
	{"title":"Spark Plug", "fileRef":"F.bod", "psId":3197, "units":5, "bboxMin":[-0.004,-0.00397084,0], "bboxMax":[0.004,0.00397084,0.028], "xform":[0.564958,0.775359,0.282208,-0.82512,0.530887,0.193227,9.52976e-017,-0.34202,0.939693,6.42588e-017,-0.00840408,0.144525]},
	{"title":"Head Bolt Long", "psId":3300, "instanceId":1960, "matIdx":3, "bboxMin":[-0.0025,-0.0025,-0.0975], "bboxMax":[0.0025,0.0025,0.004], "xform":[-0.153374,0.468913,-0.869826,-0.0814259,-0.883244,-0.461789,-0.984808,-3.98622e-009,0.173648,-0.157077,0.025,0.0276969]},
	{"title":"Spark Plug", "psId":3319, "instanceId":3197, "matIdx":3, "bboxMin":[-0.004,-0.00397084,0], "bboxMax":[0.004,0.00397084,0.028], "xform":[0.551777,0.472273,0.687387,-0.575064,0.812392,-0.0965448,-0.604023,-0.34202,0.719846,-0.092899,-0.00840408,0.110713]},
	{"title":"Spark Plug", "psId":3338, "instanceId":3197, "matIdx":3, "bboxMin":[-0.004,-0.00397084,0], "bboxMax":[0.004,0.00397084,0.028], "xform":[0.138138,0.0965065,0.9857,-0.352877,0.934724,-0.0420627,-0.925417,-0.34202,0.163176,-0.14233,-0.00840408,0.0250965]},
	{"title":"Spark Plug", "psId":3357, "instanceId":3197, "matIdx":3, "bboxMin":[-0.004,-0.00397084,0], "bboxMax":[0.004,0.00397084,0.028], "xform":[-0.452343,-0.13479,0.8816,-0.364855,0.929975,-0.0450188,-0.813798,-0.34202,-0.469846,-0.125162,-0.00840408,-0.0722626]},
	{"title":"Head Bolt Long", "psId":3376, "instanceId":1960, "matIdx":3, "bboxMin":[-0.0025,-0.0025,-0.0975], "bboxMax":[0.0025,0.0025,0.004], "xform":[-0.579365,0.654216,-0.486145,-0.501159,-0.756308,-0.420522,-0.642788,2.82809e-008,0.766044,-0.102525,0.025,0.122184]},
	{"title":"Spark Plug", "psId":3395, "instanceId":3197, "matIdx":3, "bboxMin":[-0.004,-0.00397084,0], "bboxMax":[0.004,0.00397084,0.028], "xform":[-0.51179,-0.721833,0.465863,-0.796729,0.601647,0.0569502,-0.321394,-0.34202,-0.883022,-0.0494305,-0.00840408,-0.135809]},
	{"title":"Spark Plug", "psId":3414, "instanceId":3197, "matIdx":3, "bboxMin":[-0.004,-0.00397084,0], "bboxMax":[0.004,0.00397084,0.028], "xform":[-0.890189,-0.427104,-0.158573,-0.322907,0.837021,-0.441731,0.321394,-0.34202,-0.883022,0.0494305,-0.00840408,-0.135809]},
	{"title":"Head Bolt Short", "fileRef":"10.bod", "psId":3433, "units":5, "bboxMin":[-0.0025,-0.0025,-0.09], "bboxMax":[0.0025,0.0025,0.004], "xform":[0.601485,-0.619264,0.504706,0.474384,0.785183,0.398055,-0.642788,-2.36577e-008,0.766044,-0.0806958,-0.0125,0.129852]},
	{"title":"Spark Plug", "psId":3518, "instanceId":3197, "matIdx":3, "bboxMin":[-0.004,-0.00397084,0], "bboxMax":[0.004,0.00397084,0.028], "xform":[-0.580595,-0.443202,-0.682995,0.0253611,0.82861,-0.559252,0.813798,-0.34202,-0.469846,0.125162,-0.00840408,-0.0722626]},
	{"title":"Spark Plug", "psId":3537, "instanceId":3197, "matIdx":3, "bboxMin":[-0.004,-0.00397084,0], "bboxMax":[0.004,0.00397084,0.028], "xform":[-0.218884,-0.833937,-0.506596,0.309344,0.433096,-0.846601,0.925417,-0.34202,0.163176,0.14233,-0.00840408,0.0250965]},
	{"title":"Spark Plug", "psId":3556, "instanceId":3197, "matIdx":3, "bboxMin":[-0.004,-0.00397084,0], "bboxMax":[0.004,0.00397084,0.028], "xform":[0.351705,-0.696128,-0.625867,0.715164,0.631211,-0.300187,0.604023,-0.34202,0.719846,0.092899,-0.00840408,0.110713]},
	{"title":"Head Bolt Short", "psId":3575, "instanceId":3433, "matIdx":10, "bboxMin":[-0.0025,-0.0025,-0.09], "bboxMax":[0.0025,0.0025,0.004], "xform":[-0.356833,-0.700485,0.618054,-0.350243,0.713667,0.606638,-0.866025,0,-0.5,-0.120241,-0.0125,-0.0944213]},
	{"title":"Head Bolt Short", "psId":3594, "instanceId":3433, "matIdx":10, "bboxMin":[-0.0025,-0.0025,-0.09], "bboxMax":[0.0025,0.0025,0.004], "xform":[0.122514,-0.70868,0.694812,0.123061,0.70553,0.697913,-0.984808,-1.79587e-009,0.173648,-0.149043,-0.025,0.0262804]},
	{"title":"Rocker 1", "fileRef":"11.bod", "psId":3613, "units":5, "bboxMin":[-0.02775,-0.0039953,-0.00398994], "bboxMax":[0.02775,0.0039953,0.004], "xform":[0.0215843,-0.999762,0.00315159,-0.144481,1.47963e-010,0.989508,-0.989272,-0.0218131,-0.144447,-0.178709,0.02375,0.0130245]},
	{"title":"Head Bolt Short", "psId":3698, "instanceId":3433, "matIdx":10, "bboxMin":[-0.0025,-0.0025,-0.09], "bboxMax":[0.0025,0.0025,0.004], "xform":[-0.356833,-0.700485,0.618054,-0.350243,0.713667,0.606638,-0.866025,0,-0.5,-0.141892,-0.0125,-0.0569213]},
	{"title":"Rocker 1", "psId":3717, "instanceId":3613, "matIdx":4, "bboxMin":[-0.02775,-0.0039953,-0.00398994], "bboxMax":[0.02775,0.0039953,0.004], "xform":[0.0145087,-0.999762,0.0162884,-0.746722,7.90878e-010,0.665136,-0.664978,-0.0218131,-0.746545,-0.145271,0.02375,-0.104894]},
	{"title":"Head Bolt Short", "psId":3736, "instanceId":3433, "matIdx":10, "bboxMin":[-0.0025,-0.0025,-0.09], "bboxMax":[0.0025,0.0025,0.004], "xform":[-0.672473,-0.698478,0.24476,-0.656355,0.715631,0.238894,-0.34202,-1.12785e-008,-0.939693,-0.0721072,-0.0125,-0.134811]},
	{"title":"Head Bolt Short", "psId":3755, "instanceId":3433, "matIdx":10, "bboxMin":[-0.0025,-0.0025,-0.09], "bboxMax":[0.0025,0.0025,0.004], "xform":[-0.65355,-0.718532,-0.237873,-0.6752,0.695494,-0.245753,0.34202,1.3686e-008,-0.939693,0.0314173,-0.0125,-0.14962]},
	{"title":"Rocker 1", "psId":3774, "instanceId":3613, "matIdx":4, "bboxMin":[-0.02775,-0.0039953,-0.00398994], "bboxMax":[0.02775,0.0039953,0.004], "xform":[0.00320609,-0.994093,0.108487,-0.999564,-3.93262e-011,0.02954,-0.0293655,-0.108534,-0.993659,-0.043859,0.02375,-0.173732]},
	{"title":"Exhaust Port", "fileRef":"12.bod", "psId":3793, "units":5, "bboxMin":[-0.0120067,-0.00799458,-0.002], "bboxMax":[0.0954087,0.011,0.0204974], "xform":[-4.53705e-016,1,-3.48786e-016,0.984808,5.07378e-016,0.173648,0.173648,-2.64702e-016,-0.984808,0.156608,5.55112e-017,-0.00995654]},
	{"title":"Rocker 1", "psId":3878, "instanceId":3613, "matIdx":4, "bboxMin":[-0.02775,-0.0039953,-0.00398994], "bboxMax":[0.02775,0.0039953,0.004], "xform":[-0.0135215,-0.999762,0.0171167,-0.784698,1.40043e-010,-0.619878,0.619731,-0.0218131,-0.784511,0.0780748,0.02375,-0.161278]},
	{"title":"Head Bolt Long", "psId":3897, "instanceId":1960, "matIdx":3, "bboxMin":[-0.0025,-0.0025,-0.0975], "bboxMax":[0.0025,0.0025,0.004], "xform":[-0.542573,0.705932,-0.455273,-0.540776,-0.708279,-0.453765,-0.642788,-3.29715e-008,0.766044,-0.0859393,0.0125,0.136101]},
	{"title":"Head Bolt Long", "psId":3916, "instanceId":1960, "matIdx":3, "bboxMin":[-0.0025,-0.0025,-0.0975], "bboxMax":[0.0025,0.0025,0.004], "xform":[-0.579574,0.653902,-0.48632,-0.500918,-0.756579,-0.42032,-0.642788,-2.54942e-008,0.766044,-0.11911,0.0125,0.108267]},
	{"title":"Head Bolt Short", "psId":3935, "instanceId":3433, "matIdx":10, "bboxMin":[-0.0025,-0.0025,-0.09], "bboxMax":[0.0025,0.0025,0.004], "xform":[0.601485,-0.619264,0.504706,0.474384,0.785183,0.398055,-0.642788,-2.36577e-008,0.766044,-0.0972812,-0.025,0.115935]},
	{"title":"Rocker 1", "psId":3954, "instanceId":3613, "matIdx":4, "bboxMin":[-0.02775,-0.0039953,-0.00398994], "bboxMax":[0.02775,0.0039953,0.004], "xform":[-0.0491675,-0.998739,0.0101756,-0.202664,-3.36424e-010,-0.979248,0.978013,-0.0502094,-0.202408,0.163476,0.02375,-0.0733609]},
	{"title":"Exhaust Port", "psId":3973, "instanceId":3793, "matIdx":12, "bboxMin":[-0.0120067,-0.00799458,-0.002], "bboxMax":[0.0954087,0.011,0.0204974], "xform":[1.47896e-015,1,1.64438e-015,0.642788,-2.21033e-015,0.766044,0.766044,-7.59594e-017,-0.642788,0.126369,-1.42247e-016,0.0930386]},
	{"title":"Head Bolt Short", "psId":3992, "instanceId":3433, "matIdx":10, "bboxMin":[-0.0025,-0.0025,-0.09], "bboxMax":[0.0025,0.0025,0.004], "xform":[0.601485,-0.619264,0.504706,0.474384,0.785183,0.398055,-0.642788,-2.36577e-008,0.766044,-0.113867,-0.0125,0.102018]},
	{"title":"Rocker 1", "psId":4011, "instanceId":3613, "matIdx":4, "bboxMin":[-0.02775,-0.0039953,-0.00398994], "bboxMax":[0.02775,0.0039953,0.004], "xform":[-0.0192047,-0.999762,-0.0103438,0.474199,2.78145e-010,-0.880417,0.880208,-0.0218131,0.474087,0.172386,0.02375,0.0488829]},
	{"title":"Head Bolt Short", "psId":4030, "instanceId":3433, "matIdx":10, "bboxMin":[-0.0025,-0.0025,-0.09], "bboxMax":[0.0025,0.0025,0.004], "xform":[-0.356833,-0.700485,0.618054,-0.350243,0.713667,0.606638,-0.866025,0,-0.5,-0.131067,-0.025,-0.0756713]},
	{"title":"Rocker 1", "psId":4049, "instanceId":3613, "matIdx":4, "bboxMin":[-0.02775,-0.0039953,-0.00398994], "bboxMax":[0.02775,0.0039953,0.004], "xform":[-0.00806278,-0.999762,-0.0202683,0.929179,-3.96759e-012,-0.369629,0.369541,-0.0218131,0.928958,0.100634,0.02375,0.148254]},
	{"title":"Exhaust Port", "psId":4068, "instanceId":3793, "matIdx":12, "bboxMin":[-0.0120067,-0.00799458,-0.002], "bboxMax":[0.0954087,0.011,0.0204974], "xform":[3.05595e-016,1,-3.05311e-016,-1.27067e-016,3.05311e-016,1,1,-3.05595e-016,1.27067e-016,0.037,2.08167e-017,0.1525]},
