
{"title":"a_259d_machine_final", "psId":16, "units":2, "bboxMin":[-2125.93,-421.862,-1103.69], "bboxMax":[1506.69,1720.45,1103.7], "children": [
	{"title":"Cylinder017", "fileRef":"0.bod", "psId":31, "units":2, "bboxMin":[-536.874,-659.42,-886.163], "bboxMax":[1468.3,216.18,886.163], "xform":[1,0,0,0,1,0,0,0,1,-1101.75,237.558,-5.49481]},
	{"title":"Finished_Counterweight_Option", "fileRef":"1.bod", "psId":69, "units":2, "bboxMin":[-1521.05,-318.609,-484.749], "bboxMax":[-1024.54,71.2865,1014.99], "xform":[1,-3.15706e-024,8.74228e-008,1.32005e-014,1,-1.50996e-007,8.74228e-008,-1.50996e-007,-1,-399.45,369.659,265.501]},
	{"title":"Finished_Electrical_Code", "fileRef":"2.bod", "psId":104, "units":2, "bboxMin":[-1417.58,373.33,-569.598], "bboxMax":[-1139.83,853.411,-42.2066], "xform":[1,0,0,0,1,0,0,0,1,253.403,315.228,213.781]},
	{"title":"Left_Hose_Inner_Morpher", "fileRef":"3.bod", "psId":145, "units":2, "bboxMin":[-372.054,970.859,1291.17], "bboxMax":[-75.4717,1238.12,1309.2], "xform":[1,0,0,0,1,0,0,0,1,-1555.66,0,-1837.31]},
	{"title":"Left_Hose_Middle_Morpher", "fileRef":"4.bod", "psId":180, "units":2, "bboxMin":[-201.265,948.529,1431.12], "bboxMax":[25.1591,1283.72,1452.4], "xform":[1,0,0,0,1,0,0,0,1,-1705.06,0,-1997.47]},
	{"title":"Left_Hose_Outer_Morpher", "fileRef":"5.bod", "psId":215, "units":2, "bboxMin":[-97.4348,918.816,1163.81], "bboxMax":[97.0624,1258.42,1186.04], "xform":[1,0,0,0,1,0,0,0,1,-1772.85,0,-1756.03]},
	{"title":"Object011", "fileRef":"6.bod", "psId":250, "units":2, "bboxMin":[-240.987,-72.4138,-93.9995], "bboxMax":[2.99999,102.247,17.9377], "xform":[1,0,0,0,1,0,0,0,1,253.403,315.228,213.781]},
	{"title":"Object012", "fileRef":"7.bod", "psId":291, "units":2, "bboxMin":[-1439.78,-55.3952,-642.623], "bboxMax":[-22.8787,1359.23,221.455], "xform":[1,0,0,0,1,0,0,0,1,253.403,315.228,213.781]},
	{"title":"Object015", "fileRef":"8.bod", "psId":329, "units":2, "bboxMin":[263.702,-643.938,18.35], "bboxMax":[979.892,-463.929,87.3501], "xform":[1,0,0,0,1,0,0,0,1,-1697.7,1386.2,-614.85]},
	{"title":"Right_Hose_Inner_Morpher", "fileRef":"9.bod", "psId":367, "units":2, "bboxMin":[-102.166,-233.003,-12.0187], "bboxMax":[102.166,233.004,12.0187], "xform":[1,0,0,0,1,0,0,0,1,-1772.02,1074.56,542.309]},
	{"title":"Right_Hose_Outer_Morpher", "fileRef":"A.bod", "psId":402, "units":2, "bboxMin":[-378.76,1015.27,1102.57], "bboxMax":[-188.375,1263.49,1123.43], "xform":[1,0,0,0,1,0,0,0,1,-1509.43,0,-532.059]},
	{"title":"Master_Control", "psId":437, "units":2, "matIdx":5, "bboxMin":[-1489.21,-1103.69,-1121.75], "bboxMax":[2143.4,1103.7,1000.93], "xform":[1,0,0,0,-1.62921e-007,1,0,-1,-1.62921e-007,-636.717,598.693,8.88632e-005], "children": [
		{"title":"Finished_Adapters", "fileRef":"B.bod", "psId":453, "units":2, "bboxMin":[-1723.32,37.0793,-67.638], "bboxMax":[-1613.4,123.184,894.055], "xform":[1,0,0,0,-1.62921e-007,-1,0,1,-1.62921e-007,1013.32,-413.2,-1.51746]},
		{"title":"Finished_Exhaust", "fileRef":"C.bod", "psId":491, "units":2, "bboxMin":[-43.6505,-386.997,127.14], "bboxMax":[137.948,33.3294,947.558], "xform":[0.115968,-0.0649088,0.99113,0.910979,-0.3907,-0.132176,0.395814,0.918227,0.0138219,-810.716,-558.773,-749.482]},
		{"title":"Finished_Frame", "fileRef":"D.bod", "psId":526, "units":2, "bboxMin":[-1726.48,-727.821,-552.336], "bboxMax":[697.54,951.074,1084.34], "xform":[1,6.47795e-022,8.74228e-008,8.74228e-008,-3.13916e-007,-1,-2.74434e-014,-1,3.13916e-007,237.267,265.501,229.035]},
		{"title":"Finished_Hoses", "fileRef":"E.bod", "psId":567, "units":2, "bboxMin":[-425.827,37.1205,-1089.8], "bboxMax":[191.024,347.277,-8.22776], "xform":[1,0,0,0,-1.62921e-007,-1,0,1,-1.62921e-007,-665.293,550.178,-6.96222]},
		{"title":"Finished_Lines", "fileRef":"F.bod", "psId":605, "units":2, "bboxMin":[-293.376,-73.5208,-996.067], "bboxMax":[274.228,341.267,65.4757], "xform":[1,0,0,0,-1.62921e-007,-1,0,1,-1.62921e-007,-286.124,469.111,624.967]},
		{"title":"Finished_Medium_Black_Static", "fileRef":"10.bod", "psId":643, "units":2, "bboxMin":[799.771,-1507.6,-418.044], "bboxMax":[1141.61,-1386.42,417.956], "xform":[1,0,0,0,-1.62921e-007,-1,0,1,-1.62921e-007,-248.891,0.0440674,-1079.85]},
		{"title":"Finished_Solid_Lines", "fileRef":"11.bod", "psId":678, "units":2, "bboxMin":[-73.7808,-73.0595,-888.478], "bboxMax":[66.7399,21.828,57.6557], "xform":[1,-1.29559e-021,1.74846e-007,1.74846e-007,-1.62921e-007,-1,2.8486e-014,1,-1.62921e-007,-562.53,415.025,-129.013]},
		{"title":"Finished_TailLight_Housing", "fileRef":"12.bod", "psId":710, "units":2, "bboxMin":[-3.15826,-17.0478,-7.42773], "bboxMax":[17.4095,122.825,1198.3], "xform":[1,0,0,0,-1.62921e-007,-1,0,1,-1.62921e-007,-1277.39,-595.371,23.8459]},
		{"title":"Finished_TailLight_Plastic", "fileRef":"13.bod", "psId":742, "units":2, "bboxMin":[-0.000305176,-6.10347,-5.66523], "bboxMax":[18.419,117.598,1182.63], "xform":[1,0,0,0,-1.62921e-007,-1,0,1,-1.62921e-007,-1297.67,-588.494,26.8365]},
		{"title":"Finished_Track_Bolts", "fileRef":"14.bod", "psId":771, "units":2, "bboxMin":[-976.7,-499.449,-825.153], "bboxMax":[444.726,532.803,825.154], "xform":[1,0,0,0,-1.62921e-007,-1,0,1,-1.62921e-007,-170.219,0.0532074,101.706]},
		{"title":"a_1905386_dqre01", "fileRef":"15.bod", "psId":809, "units":2, "bboxMin":[-39.58,0,-39.58], "bboxMax":[39.58,0.50142,39.58], "xform":[-7.54979e-008,8.74228e-008,1,0.945519,0.325568,4.29226e-008,-0.325568,0.945519,-1.0724e-007,-1329.26,-563.898,401.694]},
		{"title":"a_1905386_dqre01 #1", "fileRef":"16.bod", "psId":841, "units":2, "bboxMin":[-39.58,0,-39.58], "bboxMax":[39.58,0.50142,39.58], "xform":[-7.54979e-008,8.74228e-008,1,0.945519,-0.325568,9.98467e-008,0.325568,0.945519,-5.80802e-008,-1329.84,562.206,401.693]},
		{"title":"a_2394990_jare01", "fileRef":"17.bod", "psId":871, "units":2, "bboxMin":[-1.17719e-005,-60,-30], "bboxMax":[1,-3.05176e-005,-0.105832], "xform":[2.22045e-015,-1,-1.94707e-007,1,-3.18232e-014,1.74846e-007,-1.74846e-007,-1.94707e-007,1,27.9377,-796.2,767.494]},
		{"title":"a_2394990_jare01 #1", "fileRef":"18.bod", "psId":904, "units":2, "bboxMin":[-1.17719e-005,-60,-30], "bboxMax":[1,-3.05176e-005,-0.105832], "xform":[-5.10703e-014,1,3.13916e-007,-1,-5.10703e-014,-8.01145e-021,8.02034e-021,-3.13916e-007,1,-31.9476,796.2,767.493]},
		{"title":"a_2396986_jare01", "fileRef":"19.bod", "psId":937, "units":2, "bboxMin":[-59.5,0,-0.5], "bboxMax":[59.5,58,0.5], "xform":[1,0,0,0,-1.62921e-007,-1,0,1,-1.62921e-007,-721.573,432.5,-255.507]},
		{"title":"a_2634836", "fileRef":"1A.bod", "psId":973, "units":2, "bboxMin":[-20,-20,-5.19305e-006], "bboxMax":[20,20,0.249995], "xform":[2.39808e-014,-1,-3.13916e-007,0.5,2.7186e-007,-0.866026,0.866026,-1.56958e-007,0.5,846.217,155,739.722]},
		{"title":"a_2634836 #1", "fileRef":"1B.bod", "psId":1006, "units":2, "bboxMin":[-20,-20,-5.19305e-006], "bboxMax":[20,20,0.249995], "xform":[-0.325568,0.945519,-2.04402e-007,-8.97846e-008,-2.47095e-007,-1,-0.945519,-0.325568,1.65339e-007,-1356.75,-482.476,460.694]},
		{"title":"a_2634836 #2", "fileRef":"1C.bod", "psId":1039, "units":2, "bboxMin":[-20,-20,-5.19305e-006], "bboxMax":[20,20,0.249995], "xform":[3.88578e-014,-1,-4.33126e-007,0.5,3.75098e-007,-0.866026,0.866026,-2.16563e-007,0.5,846.217,-155,739.722]},
		{"title":"a_2634836 #3", "fileRef":"1D.bod", "psId":1072, "units":2, "bboxMin":[-20,-20,-5.19305e-006], "bboxMax":[20,20,0.249995], "xform":[0.325568,0.945519,-2.12167e-007,-4.67798e-008,-2.08285e-007,-1,-0.945519,0.325568,-2.35797e-008,-1354.44,489.186,460.693]},
		{"title":"a_3190710", "fileRef":"1E.bod", "psId":1105, "units":2, "bboxMin":[38,42.8125,-10.0525], "bboxMax":[78,44.4826,10.0525], "xform":[-0.0863638,0.0101517,-0.996212,-0.990752,0.104159,0.0869519,0.104647,0.994509,0.00106225,717.106,-339.815,-192.307]},
		{"title":"a_3456024", "fileRef":"1F.bod", "psId":1138, "units":2, "bboxMin":[-293.502,0,-8.41618e-005], "bboxMax":[294.658,194.682,0.399987], "xform":[1,0,0,0,-1.62921e-007,-1,0,1,-1.62921e-007,-983.164,-648.4,78.4288]},
		{"title":"a_3456024 #1", "fileRef":"20.bod", "psId":1173, "units":2, "bboxMin":[-293.502,0,-8.41618e-005], "bboxMax":[294.658,194.682,0.399987], "xform":[1,6.47795e-022,8.74228e-008,8.74228e-008,-3.13916e-007,-1,-2.74434e-014,-1,3.13916e-007,-983.189,648.408,78.3776]},
		{"title":"a_3456028", "fileRef":"21.bod", "psId":1206, "units":2, "bboxMin":[71.4611,-120.534,-3.1054e-005], "bboxMax":[205.557,-92.7447,0.499989], "xform":[1,0,0,0,-1.62921e-007,-1,0,1,-1.62921e-007,-1350.48,648,-6.00665]},
		{"title":"a_3456028 #1", "fileRef":"22.bod", "psId":1242, "units":2, "bboxMin":[71.4611,-120.534,-3.1054e-005], "bboxMax":[205.557,-92.7447,0.499989], "xform":[-1,-1.50996e-007,8.74228e-008,-8.74228e-008,-1.62921e-007,-1,1.50996e-007,-1,1.62921e-007,-1072.58,-648,-6.00641]},
		{"title":"Cab_Lift_Access_Control", "psId":1278, "units":2, "matIdx":5, "bboxMin":[-33.34,-1023.5,-526.53], "bboxMax":[1627.17,482.948,572.325], "xform":[1,0,0,0,-1.62921e-007,-1,0,1,-1.62921e-007,-638.283,-32.9814,-638.807], "children": [
			{"title":"Cab_Films", "fileRef":"23.bod", "psId":1294, "units":2, "bboxMin":[-475.293,-12.1974,-136.784], "bboxMax":[662.071,941.865,780.509], "xform":[-1,0.000105381,-3.89411e-007,-1.79157e-005,-0.173648,-0.984808,-0.000103848,-0.984808,0.173648,804.992,346.055,424.778]},
			{"title":"Finished_Advanced_Display", "fileRef":"24.bod", "psId":1333, "units":2, "bboxMin":[-12.6609,-100.592,-111.012], "bboxMax":[128.63,49.0577,55.1104], "xform":[1,0,0,0,1,0,0,0,1,1098.01,359.659,370.129]},
			{"title":"Finished_Chair", "fileRef":"25.bod", "psId":1368, "units":2, "bboxMin":[-223.089,-74.4258,-253.847], "bboxMax":[366.713,582.436,253.847], "xform":[1,0,0,0,1,0,0,0,1,636.043,-577.688,33.1803]},
			{"title":"Finished_Glass", "fileRef":"26.bod", "psId":1409, "units":2, "bboxMin":[-728.929,-579.65,-862.297], "bboxMax":[583.749,605.935,0.0865503], "xform":[1,0,0,0,1,0,0,0,1,780.536,-157.156,464.086]},
			{"title":"Finished_Interior_Dark_Gray", "fileRef":"27.bod", "psId":1444, "units":2, "bboxMin":[-54.8296,-955.103,-389.979], "bboxMax":[1443.39,510.337,481.021], "xform":[1,0,0,0,1,0,0,0,1,98.0605,-68.3958,-12.5396]},
			{"title":"Finished_Interior_Gray_Dawn", "fileRef":"28.bod", "psId":1485, "units":2, "bboxMin":[-974.306,-9.69292,-371.42], "bboxMax":[7.88147,706.808,372.018], "xform":[1,0,0,0,1,0,0,0,1,1519.48,-1007.22,32.8814]},
			{"title":"Finished_Rops", "fileRef":"29.bod", "psId":1526, "units":2, "bboxMin":[-33.34,-1005.65,-69.9775], "bboxMax":[1627.17,445.843,899.79], "xform":[1,0,0,0,1,0,0,0,1,0,0,-381.809]},
			{"title":"Finished_Seals", "fileRef":"2A.bod", "psId":1567, "units":2, "bboxMin":[-874.771,-13.7057,-341.363], "bboxMax":[205.779,1186.8,399.482], "xform":[1,0,0,0,1,0,0,0,1,921.675,-805.721,4.01649]},
			{"title":"Finished_Window_Latches", "fileRef":"2B.bod", "psId":1608, "units":2, "bboxMin":[-0.382507,-5.2229,-73.8156], "bboxMax":[866.903,205.641,779.223], "xform":[1,0,0,0,1,0,0,0,1,327.96,-182.963,-319.772]},
			{"title":"Cab_Door_Control", "psId":1640, "units":2, "matIdx":5, "bboxMin":[-224.969,-581.724,-22.0418], "bboxMax":[83.0596,580.571,793.739], "xform":[0.996124,0.0879604,-0.000520732,-0.0879604,0.996054,-0.0118162,-0.000520681,0.0118162,0.99993,1386.12,-212.249,-375.223], "children": [
				{"title":"Finished_Door_Hinges", "fileRef":"2C.bod", "psId":1656, "units":2, "bboxMin":[-33.7943,-517.392,-22.0415], "bboxMax":[69.4186,41.5878,91.976], "xform":[0.996195,-0.0871557,-3.8875e-011,0.0871557,0.996195,5.07313e-012,3.82849e-011,-8.44201e-012,1,0.000274658,225.799,-0.000305176]},
				{"title":"Finished_Front_Door_Glass", "fileRef":"2D.bod", "psId":1688, "units":2, "bboxMin":[507.285,-623.87,-817.648], "bboxMax":[612.593,512.4,-59.2004], "xform":[0.996195,-0.0871557,-3.8875e-011,0.0871557,0.996195,5.07313e-012,3.82849e-011,-8.44201e-012,1,-598.482,107.664,839.309]},
				{"title":"Finished_Safety_Door_handles", "fileRef":"2E.bod", "psId":1726, "units":2, "bboxMin":[-28.9492,-494.28,-24.2597], "bboxMax":[59.7408,116.696,20.3222], "xform":[0.996195,-0.0871557,-3.8875e-011,0.0871557,0.996195,5.07313e-012,3.82849e-011,-8.44201e-012,1,-73.7083,222.914,70.0408]},
				{"title":"Finished_Safety_Door_handles_Black", "fileRef":"2F.bod", "psId":1761, "units":2, "bboxMin":[-191.558,-24.3824,-19.7885], "bboxMax":[27.1324,495.697,652.556], "xform":[0.996195,-0.0871557,-3.8875e-011,0.0871557,0.996195,5.07313e-012,3.82849e-011,-8.44201e-012,1,-32.0148,-250.503,66.0125]},
				{"title":"Finished_Windshield_Wiper_Door_handle", "fileRef":"30.bod", "psId":1793, "units":2, "bboxMin":[1147.93,962.379,-912.213], "bboxMax":[1251.12,1526.57,-223.962], "xform":[0.996195,-0.0871557,-3.8875e-011,0.0871557,0.996195,5.07313e-012,3.82849e-011,-8.44201e-012,1,-1296.35,-915.752,976.432]},
				{"title":"Finished_Windshield_Wiper_Rubber", "fileRef":"31.bod", "psId":1834, "units":2, "bboxMin":[-124.612,-67.3014,-35.5494], "bboxMax":[-65.3185,368.594,218.068], "xform":[0.996195,-0.0871557,-3.8875e-011,0.0871557,0.996195,5.07313e-012,3.82849e-011,-8.44201e-012,1,63.0578,136.44,161.719]},
				{"title":"Finished_Wiper_Motor_Door_Latch", "fileRef":"32.bod", "psId":1869, "units":2, "bboxMin":[-3163.82,954.76,285.374], "bboxMax":[-3059.51,1221.32,1014.65], "xform":[0.996195,-0.0871557,-3.8875e-011,0.0871557,0.996195,5.07313e-012,3.82849e-011,-8.44201e-012,1,2928.05,-1285.34,-247.924]},
				{"title":"Object009", "fileRef":"33.bod", "psId":1901, "units":2, "bboxMin":[347.032,10.3197,-365.47], "bboxMax":[473.529,1165.99,414.499], "xform":[0.996195,-0.0871557,-3.8875e-011,0.0871557,0.996195,5.07313e-012,3.82849e-011,-8.44201e-012,1,-514.406,-550.734,379.24]}
			]}
		]},
		{"title":"Rear_Door_Control", "psId":1939, "units":2, "matIdx":5, "bboxMin":[-97.4139,-961.098,-35.2266], "bboxMax":[31.5288,63.6635,901.698], "xform":[1,0,0,0,-1.62921e-007,-1,0,1,-1.62921e-007,-1391.05,-428.199,-445.148], "children": [
			{"title":"Finished_Rear_Door", "fileRef":"34.bod", "psId":1955, "units":2, "bboxMin":[-3600.68,-118.534,-3836.05], "bboxMax":[140.669,273.445,246.088], "xform":[-4.07992e-008,-1.41801e-007,-0.250424,-0.25031,0.00755147,3.65047e-008,0.00755147,0.25031,-1.42967e-007,0,-0.000244141,0.000244141]},
			{"title":"Finished_Rear_Door_Grate001", "fileRef":"35.bod", "psId":1996, "units":2, "bboxMin":[-31.0205,-227.509,-111.316], "bboxMax":[26.1882,226.247,551.792], "xform":[1,0,0,0,1,0,0,0,1,-41.7999,-325.639,209.91]},
			{"title":"a_3456020", "fileRef":"36.bod", "psId":2031, "units":2, "bboxMin":[38.7263,42.8578,-3.47644e-005], "bboxMax":[246.47,168.551,0.499965], "xform":[-1.62921e-007,-3.72529e-009,1,0.0366439,0.999328,9.69283e-009,-0.999328,0.0366439,-1.62675e-007,-66.5299,-139.042,289.698]}
		]},
		{"title":"Rear_Lift_Arm_Bar_Pivot", "psId":2067, "units":2, "matIdx":5, "bboxMin":[-61.1255,-1393.48,-652.693], "bboxMax":[3251.72,579.606,1554.7], "xform":[1,0,0,0,-1.62921e-007,-1,0,1,-1.62921e-007,-1108.31,-451,-392.546], "children": [
			{"title":"Finished_lift_Bar", "fileRef":"37.bod", "psId":2083, "units":2, "bboxMin":[-91.4742,-316.426,-428.768], "bboxMax":[91.4741,316.426,879.061], "xform":[1,0,0,0,1,0,0,0,1,30.3486,263.181,230.816]},
			{"title":"Lift_Arm_Rear_Control", "psId":2118, "units":2, "matIdx":5, "bboxMin":[-58.9646,-1788.44,-1068.25], "bboxMax":[3204.39,59.9644,1139.14], "xform":[1,0,0,0,1,0,0,0,1,47.3312,394.961,415.558], "children": [
				{"title":"Finished_Adapter_Lift_Linkage", "fileRef":"38.bod", "psId":2134, "units":2, "bboxMin":[-62.0168,-51.4716,-175.425], "bboxMax":[17.7427,127.269,20.2427], "xform":[1,0,0,0,1,0,0,0,1,2074.31,-785.989,-377.757]},
				{"title":"Finished_Lift_Arm", "fileRef":"39.bod", "psId":2172, "units":2, "bboxMin":[-58.9648,-1667.02,-23.1431], "bboxMax":[2306.86,59.9646,1252.84], "xform":[1,0,0,0,1,0,0,0,1,0.000244141,-0.000244141,-579.407]},
				{"title":"a_2957317_jare003", "fileRef":"3A.bod", "psId":2210, "units":2, "bboxMin":[0,0.0906982,-0], "bboxMax":[399.323,220.528,24.5999], "xform":[-0.992546,0.121869,8.67711e-008,0.121869,0.992546,-1.2864e-007,-1.01802e-007,-1.17106e-007,-1,642.089,-595.553,-561.058]},
				{"title":"a_3456026", "fileRef":"3B.bod", "psId":2243, "units":2, "bboxMin":[-0.300049,0,-137.6], "bboxMax":[0,89.9914,10.0371], "xform":[0.731354,0.681998,-1.77551e-015,-0.681998,0.731354,1.65569e-015,2.42771e-015,7.15635e-024,1,2202.27,-1042.75,99.3899]},
				{"title":"WT_Tilt_Control", "psId":2276, "units":2, "matIdx":5, "bboxMin":[-196.431,-179.978,-1103.69], "bboxMax":[999.089,881.193,1103.7], "xform":[0.999391,0.0348906,-0,-0.0348906,0.999391,0,0,0,1,2199.63,-1601.72,35.4425], "children": [
					{"title":"Object007", "fileRef":"3C.bod", "psId":2292, "units":2, "bboxMin":[-148.391,64.574,-438.352], "bboxMax":[94.8725,128.926,438.352], "xform":[1.93715e-007,-1,9.28436e-014,1,1.93715e-007,-8.99261e-021,-8.99261e-021,9.28436e-014,1,0.00012207,-0.000137329,-5.82077e-011]},
					{"title":"Bucket_Master_Ctrl", "psId":2330, "units":2, "matIdx":5, "bboxMin":[-245.123,-471.062,-1103.69], "bboxMax":[742.02,252.193,1103.7], "xform":[0.914254,0.405142,-8.03504e-008,-0.405142,0.914254,3.56064e-008,8.78863e-008,-1.30374e-015,1,129.847,350.001,6.48499e-005], "children": [
						{"title":"Finished_Bucket_Base_4266557", "fileRef":"3D.bod", "psId":2346, "units":2, "bboxMin":[-407.711,-60.0333,-369.807], "bboxMax":[-13.122,60.0333,245.213], "xform":[1,-3.27544e-019,2.01128e-012,-1.09401e-013,-2.99521e-006,18.3844,1.35659e-022,-1,-5.50652e-005,162.588,-223.322,-0.000244141]},
						{"title":"Bucket_Open_Ctrl", "psId":2387, "units":2, "matIdx":5, "bboxMin":[-98.8528,-565.611,-1093.71], "bboxMax":[661.11,157.643,1093.67], "xform":[1,0,0,0,1,0,0,0,1,80.9104,94.5493,-0.00012207], "children": [
							{"title":"Finished_Bucket_Front_4266557", "fileRef":"3E.bod", "psId":2403, "units":2, "bboxMin":[-180.531,-59.4905,-475.514], "bboxMax":[579.432,59.4873,247.74], "xform":[1,-3.27544e-019,2.01128e-012,-1.09401e-013,-2.99521e-006,18.3844,1.35659e-022,-1,-5.50652e-005,81.6779,-317.871,-0.00012207]}
						]}
					]},
					{"title":"Object008", "psId":2441, "units":2, "matIdx":2, "bboxMin":[-350.23,-64.326,-584.501], "bboxMax":[84.691,146.747,584.501], "xform":[1.93715e-007,-1,9.28436e-014,1,1.93715e-007,-8.99261e-021,-8.99261e-021,9.28436e-014,1,0.00012207,-0.000137329,-5.82077e-011], "children": [
						{"title":"Object008_-_mesh", "fileRef":"3F.bod", "psId":2457, "units":2, "bboxMin":[-175.103,-150.384,-477.268], "bboxMax":[35.9697,284.537,673.268], "xform":[2.22045e-016,1,-0,-1,2.22045e-016,0,0,0,1,-65.6926,110.777,-98.0681]},
						{"title":"Object010", "fileRef":"40.bod", "psId":2498, "units":2, "bboxMin":[2169.78,-1631.04,30.3488], "bboxMax":[2285.17,-1545.93,1199.35], "xform":[3.12924e-007,1,1.05879e-022,-1,3.12924e-007,-2.81623e-027,-2.84937e-027,-1.05879e-022,1,-1601.72,-2199.63,-614.85]}
					]}
				]}
			]}
		]},
		{"title":"Top_Service_Door_Control", "psId":2541, "units":2, "matIdx":5, "bboxMin":[-643.389,-127.847,-672.7], "bboxMax":[14.0006,49.5343,167.036], "xform":[1,0,0,0,-1.62921e-007,-1,0,1,-1.62921e-007,-783.415,252.885,-620.119], "children": [
			{"title":"Finished_Top_Door", "fileRef":"41.bod", "psId":2557, "units":2, "bboxMin":[-643.389,-127.847,-167.036], "bboxMax":[14.0005,49.534,672.7], "xform":[1,-3.15706e-024,8.74228e-008,-7.64274e-015,1,8.74228e-008,8.74228e-008,8.74228e-008,-1,0,0.000244141,0.00012207]},
			{"title":"Finished_Top_Door_Grate001", "fileRef":"42.bod", "psId":2595, "units":2, "bboxMin":[-265.386,-53.5001,-278.368], "bboxMax":[264.807,57.364,278.368], "xform":[1,0,0,0,1,0,0,0,1,-321.945,-20.1069,-252.832]}
		]}
	]}
]}